# "car_scottish.dat.dat" produced by dat_write() from ADMButils; Tue Dec 06 11:22:21 2011
# n 
 56 

# counts 
 9 39 11 9 15 8 26 7 6 20 13 5 3 8 17 9 2 7 9 7 16 31 11 7 19 15 7 10 16 11 5 3 7 8 11 9 11 8 6 4 10 8 2 6 19 3 2 3 28 6 1 1 1 1 0 0 

# x 
 16 16 10 24 10 24 10 7 7 16 7 16 10 24 7 16 10 7 7 10 7 16 10 7 1 1 7 7 10 10 7 24 10 7 7 0 10 1 16 0 1 16 16 0 1 7 1 1 0 1 1 0 1 1 16 10 

# E 
 1.4 8.7 3 2.5 4.3 2.4 8.1 2.3 2 6.6 4.4 1.8 1.1 3.3 7.8 4.6 1.1 4.2 5.5 4.4 10.5 22.7 8.8 5.6 15.5 12.5 6 9 14.4 10.2 4.8 2.9 7 8.5 12.3 10.1 12.7 9.4 7.2 5.3 18.8 15.8 4.3 14.6 50.7 8.2 5.6 9.3 88.7 19.6 3.4 3.6 5.7 7 4.2 1.8 

