# Number of parameters = 4  Objective function value = -2498.26  Maximum gradient component = 7.82146e-006
# phi:
0.987974051030
# log_sigma:
-1.77044629319
# log_sigma_x:
-4.41223793508
# nu:
12.9890748417
# h:
 -0.504524187522 -0.498969293643 -0.478883301938 -0.446695866540 -0.400159149142 -0.370728935531 -0.332932091394 -0.329618201495 -0.313599630448 -0.283461762950 -0.238697577256 -0.179850233542 -0.109625824442 -0.0435343372418 0.0338653293219 0.0869971244530 0.152088990741 0.185616811129 0.210230103027 0.238956885152 0.267844362016 0.306214308326 0.357370185880 0.374775011293 0.366311068196 0.369076596634 0.370296786429 0.329568114991 0.303525742077 0.292190541412 0.268571001906 0.242724232308 0.230399076275 0.186083074605 0.156464132713 0.141354937386 0.126522692317 0.126296683707 0.126542725579 0.134005238961 0.108823895375 0.0551950595767 0.0143630937528 -0.0267906805900 -0.0670227413566 -0.108719522416 -0.138536196692 -0.188117795096 -0.223228554985 -0.269897007444 -0.301946237340 -0.331326479708 -0.346115757513 -0.350538520983 -0.427549115137 -0.497359214418 -0.561108119815 -0.615297112072 -0.660740145501 -0.691613802542 -0.715602151604 -0.729328107195 -0.753449227960 -0.763011190470 -0.763036281357 -0.749962114439 -0.744963254135 -0.727793754005 -0.712621039953 -0.683462937098 -0.645734563219 -0.599214269422 -0.552568067322 -0.499937955222 -0.433523513398 -0.352559176931 -0.332551814714 -0.300725031678 -0.267226003756 -0.219917473484 -0.158062904970 -0.106789353872 -0.0430096539200 0.0303522056522 0.101723667572 0.129739187727 0.172328742183 0.227227801276 0.282821002482 0.293617420662 0.319114572917 0.342322286495 0.371902538752 0.362324002203 0.363369026405 0.365056573880 0.378900559252 0.384144540877 0.402229936423 0.415740448205 0.422407470669 0.406782014853 0.388407120466 0.332943627049 0.292155594419 0.260252447247 0.239936630012 0.230379416382 0.214379652268 0.192007723543 0.184077675818 0.184773632017 0.149093980973 0.123925664578 0.113213974685 0.0980943086975 0.0748793304729 0.0615230832472 0.0626889341533 0.0754754827157 0.0745001205582 0.0804702278655 0.100999815722 0.115494353300 0.144342982554 0.183120252028 0.216965081809 0.265507117341 0.282856468372 0.313796210670 0.332448139627 0.349943692143 0.376410637934 0.402914556842 0.434324151852 0.439294845500 0.456629656598 0.437014487941 0.429365190972 0.427024550828 0.407323140363 0.393879972281 0.375838217788 0.348629723627 0.332586546038 0.329385598462 0.317886262403 0.307862176792 0.303102332905 0.246798627652 0.199855583815 0.161058767913 0.135242417410 0.120088595756 0.113551344107 0.102358345681 0.0874046297529 0.0870052310724 0.101234543740 0.122143378338 0.140999322148 0.167617384574 0.190009390982 0.221927646107 0.268497933003 0.322577560131 0.340141071863 0.372373997403 0.418417663821 0.476750307588 0.517541942377 0.568077242198 0.617670912498 0.618471687233 0.628844131407 0.652074623750 0.664981806035 0.687738372654 0.653123671824 0.600326263084 0.529014026632 0.456081698696 0.397378309628 0.347294260983 0.301059049474 0.264021508642 0.238369956210 0.149378261887 0.0747550193778 0.0145427365186 -0.0311248675732 -0.0625386133912 -0.0824843245903 -0.0960520434969 -0.0979778788929 -0.130532323773 -0.149883895082 -0.157935188986 -0.206956974237 -0.241448264471 -0.303733888461 -0.351702439480 -0.397680735105 -0.430858751018 -0.457686153278 -0.478509875046 -0.484877198099 -0.479402865112 -0.462009094469 -0.476252202810 -0.478292195842 -0.469501027491 -0.457865128810 -0.481277447552 -0.493132634265 -0.498897060373 -0.513229048310 -0.512972180843 -0.501814698532 -0.497711364898 -0.479457396663 -0.446856747823 -0.414877507362 -0.407862011874 -0.387751943756 -0.380734969663 -0.367910100794 -0.343608937837 -0.310030013532 -0.262342785983 -0.216288857336 -0.160406778418 -0.0898799169413 -0.0467815085222 -0.0683034199469 -0.0753031635320 -0.0683202406837 -0.0790809158381 -0.0768419862323 -0.0872246109024 -0.0829619384700 -0.0698449725583 -0.0537650342102 -0.0251022870821 -0.0183910977540 0.00297828868575 0.0381631751718 0.0836589464534 0.0755907760655 0.0807637005484 0.100362099918 0.132785180090 0.148799658956 0.179319126950 0.217628667827 0.244434513860 0.244584172262 0.254439761742 0.267865353362 0.288657591875 0.313733730406 0.308402870188 0.304873366187 0.316035236686 0.341903728132 0.367029537472 0.405287613349 0.421036023933 0.449934662979 0.469023197309 0.467211318465 0.460005129993 0.454799423792 0.462024914299 0.477985837770 0.459860466593 0.455459818688 0.442919568894 0.407347354705 0.382294420046 0.360374792328 0.352531952089 0.356530963311 0.373635244094 0.387525703220 0.409181879654 0.442178945128 0.489315028668 0.541417838727 0.583321645689 0.638912262748 0.704893331339 0.772529240368 0.844641036308 0.930725811482 1.03145078956 1.11269687510 1.20788328339 1.30309866390 1.37892897701 1.46835200842 1.56714162263 1.68068660921 1.76599804971 1.85973585621 1.93104573795 1.98852685079 2.03682064281 2.07787930007 2.13014332211 2.19734230405 2.27421155020 2.36591553515 2.40503203097 2.43136892007 2.47252183137 2.51221850136 2.56512523624 2.61918466991 2.66054978265 2.71587042787 2.74449967379 2.78710573563 2.78019477776 2.78815454335 2.75914040445 2.73202280636 2.71967644556 2.70557767090 2.69866848497 2.67792890530 2.67083890147 2.66863624817 2.67282408138 2.62834777319 2.59783777388 2.57632455507 2.56757550076 2.57382012286 2.58055658129 2.57775263962 2.56736855791 2.56432769692 2.57481195976 2.59573739147 2.60810465441 2.60054754169 2.59240392528 2.59311168279 2.60792313235 2.60643503654 2.58312149949 2.54399453183 2.48678951386 2.44413950841 2.40389601415 2.37757603460 2.29787839099 2.21514573365 2.13863138205 2.06483404804 1.98700414025 1.90186402650 1.82197383244 1.75408759549 1.68447002440 1.62854904844 1.58368499380 1.50382910460 1.43638694728 1.37112553488 1.32041631133 1.27385971805 1.23897035106 1.21762612620 1.20997682713 1.21666728871 1.21812452776 1.22705423060 1.21981502102 1.22667983085 1.24603804778 1.25150240839 1.27134896279 1.29105128530 1.30919519071 1.34206778500 1.35778471045 1.38829283985 1.43179035787 1.42828597770 1.39583992631 1.37137356867 1.36078065996 1.36398531057 1.37815050938 1.37705553014 1.36029135302 1.34270364977 1.33997927640 1.34402323493 1.36118304767 1.38476941418 1.40274396616 1.43550396963 1.42767823601 1.43273442727 1.45255509598 1.48442559166 1.48357435103 1.49759480814 1.52257184974 1.55898678811 1.58194197550 1.58576864071 1.60167010237 1.62636295209 1.65290773616 1.65103960364 1.66314732812 1.67749707774 1.67027908083 1.67792690106 1.69821087126 1.67127405900 1.65908363260 1.62908837621 1.61245030389 1.61044178932 1.60047474396 1.59483973843 1.59994031257 1.61040766162 1.56033148689 1.51461221537 1.48114088389 1.44803407860 1.41819634155 1.37106815355 1.33329759159 1.30153026879 1.25988101409 1.22961646959 1.21176371351 1.18918174828 1.17608669834 1.13429793724 1.10703820115 1.07901560346 1.05910337273 1.04379163476 1.04211412750 0.995250410156 0.944004354780 0.904827367254 0.875355037993 0.846649346686 0.827533158393 0.822853656717 0.809887243977 0.811678925799 0.826508716698 0.808262067012 0.804079460595 0.798696980547 0.798778325095 0.785295458643 0.762859441104 0.755170600280 0.726266303622 0.705568311767 0.691989090500 0.648096756811 0.618815330295 0.602645832426 0.583554200587 0.579101433753 0.550008649695 0.512374247022 0.472674358583 0.433866392164 0.366816459839 0.314067073135 0.260159934402 0.208519054829 0.171033420453 0.148175076508 0.138511481978 0.142361600569 0.156613019360 0.185276352718 0.182233516801 0.178388114408 0.189094116069 0.207025487855 0.238523266411 0.219656957148 0.214848487553 0.220221656690 0.202193552883 0.198699466192 0.201389116527 0.211782525802 0.234756636782 0.211552095855 0.202259359004 0.174114178076 0.160438886205 0.159943345861 0.172578158217 0.150005938585 0.138853488059 0.0771701039002 0.0214166249390 -0.0196670979536 -0.0620955181034 -0.0918308595456 -0.106923752005 -0.162978728264 -0.205955646684 -0.235869640190 -0.252066239959 -0.256687444352 -0.267995018965 -0.264822612693 -0.280104271480 -0.282486179610 -0.271462749280 -0.250598638751 -0.241284338143 -0.218912520806 -0.204027247184 -0.193731402329 -0.176219832468 -0.154113682860 -0.178847673311 -0.203897050600 -0.221766460636 -0.242839537805 -0.293516570587 -0.329585135663 -0.352201081773 -0.360218237120 -0.355234951389 -0.336203201584 -0.313059071013 -0.335521007547 -0.345040901624 -0.352704951490 -0.373209672354 -0.393081135966 -0.409622191238 -0.430946674910 -0.437916306753 -0.438347506181 -0.426351240124 -0.437490935659 -0.435609349589 -0.420701373764 -0.393144461854 -0.359243913461 -0.327139912300 -0.294712160230 -0.253415444248 -0.239114788005 -0.210833392296 -0.169426906664 -0.180954732309 -0.180615755589 -0.194896501003 -0.220325310376 -0.232458939454 -0.238936326049 -0.236132541516 -0.222027267662 -0.194331844704 -0.190770034816 -0.175450037897 -0.154550027248 -0.131746593287 -0.0994509074741 -0.0625457162529 -0.0256243135868 0.00867477941407 0.0420691736260 0.0889699171602 0.114146538260 0.109239031564 0.0560448653275 0.0123542435261 -0.0175330644121 -0.0329565919197 -0.0730824799627 -0.0995504698064 -0.163103319524 -0.212013280390 -0.250495105053 -0.289728356813 -0.320144383959 -0.367403680751 -0.400281887559 -0.418560772981 -0.451504764662 -0.471630621950 -0.509505599449 -0.532806531083 -0.546201263384 -0.594153883012 -0.631138811259 -0.683900329840 -0.722169852926 -0.762149936283 -0.796070985175 -0.816862299513 -0.848709419721 -0.870381765168 -0.887996320042 -0.895637510028 -0.903491211984 -0.905395063814 -0.893325199322 -0.901732619086 -0.906370119892 -0.926905752164 -0.937371105887 -0.935326481344 -0.927949808131 -0.906637850661 -0.871230862839 -0.821332190991 -0.781685439613 -0.780885558704 -0.768549902424 -0.741814546921 -0.705131445647 -0.656309224233 -0.593848506697 -0.534618896673 -0.475362780921 -0.402917576058 -0.335419064933 -0.278211563719 -0.223157314777 -0.197931509182 -0.213579059634 -0.218149526801 -0.210574835069 -0.192331300199 -0.178473056872 -0.163227890553 -0.160199020787 -0.165275768261 -0.159791450306 -0.225334437797 -0.277764645073 -0.327483714885 -0.389176447159 -0.437018208301 -0.487696922517 -0.525096057380 -0.600082813654 -0.664955788817 -0.726002252798 -0.773983538257 -0.807598367259 -0.860654682264 -0.924847688879 -0.975617898154 -1.01273956269 -1.06685969942 -1.10882288215 -1.13643746788 -1.15552127202 -1.21789344160 -1.26577439201 -1.30082651038 -1.33132072742 -1.35566139233 -1.36553036527 -1.36114979716 -1.36953676780 -1.38008228219 -1.37616594936 -1.36911574105 -1.36070653588 -1.36154174009 -1.36091158130 -1.34690567689 -1.31886821077 -1.29155946032 -1.24980014058 -1.19763017825 -1.15268970949 -1.11667946066 -1.06754918519 -1.01516288681 -0.952657107021 -0.890086549918 -0.814180570042 -0.723955260051 -0.647931592110 -0.557603207799 -0.497342145834 -0.427042234767 -0.354549601534 -0.267555956503 -0.166943163831 -0.0594058449753 0.0605621047656 0.145448354868 0.240274730520 0.334048827665 0.420280154822 0.507577324780 0.573589167484 0.651471281176 0.691557916159 0.732686354632 0.715246037471 0.711951120011 0.712121647023 0.718465656105 0.719883124005 0.735967946889 0.755437052306 0.788247836035 0.773159766021 0.760267966484 0.752902739466 0.760298559214 0.780719683073 0.768508614088 0.762626635203 0.755557212833 0.730157550574 0.718431913726 0.666569172362 0.618384200886 0.576820588219 0.547684577046 0.485092065626 0.435610913815 0.400655747776 0.342374744769 0.298803477466 0.269735404189 0.255150060534 0.253970068167 0.245075690545 0.250124688077 0.245491410800 0.254632548261 0.278155048010 0.251849820772 0.230924348442 0.223780866020 0.229341797813 0.246533633364 0.213142827616 0.185445293757 0.166838469715 0.162829891169 0.150564727131 0.152991364063 0.169894206031 0.138798120058 0.118258887656 0.0983499847531 0.0761337258087 0.0225037028139 -0.0248551954316 -0.0730545163019 -0.106689683400 -0.131877933391 -0.144654213846 -0.142792860354 -0.178960493575 -0.203638894048 -0.219576691092 -0.221052349018 -0.209808311679 -0.188860030981 -0.158252538702 -0.188601387663 -0.208339028777 -0.215690653525 -0.208421369184 -0.207828163125 -0.193043863356 -0.199718696245 -0.193587011619 -0.175053917410 -0.169096861822 -0.150318219832 -0.124869151602 -0.118209321478 -0.123464991447 -0.114121191786 -0.166680588776 -0.216683294351 -0.276755013059 -0.341632515042 -0.399459535014 -0.447364375852 -0.485637789675 -0.532602165845 -0.565028185189 -0.585959763890 -0.592312113169 -0.584329493701 -0.604124358210 -0.610615637577 -0.607404012232 -0.604011844837 -0.655177770342 -0.698830316756 -0.734235026191 -0.756560853889 -0.766538051811 -0.767631406299 -0.769756219316 -0.832768984861 -0.881294688002 -0.915907200788 -0.947912895711 -0.965429724468 -0.973682577091 -0.983926130422 -0.983571205205 -0.970379474789 -0.959635413186 -0.993280900188 -1.04526377985 -1.08414506500 -1.11102339226 -1.12551816536 -1.12552847803 -1.11341162067 -1.08747790340 -1.04705229450 -0.992595844052 -0.943172396001 -0.884024590443 -0.883888687076 -0.874321842429 -0.851315882586 -0.830671616349 -0.801416341190 -0.762118085654 -0.739620577789 -0.702828887112 -0.701784813668 -0.686219915638 -0.702651858025 -0.706439151494 -0.696136097710 -0.712214740744 -0.759217313808 -0.805104388671 -0.836824183686 -0.863637588723 -0.959312282088 -1.08419441829 -1.19749627151 -1.29679682812 -1.38186379688 -1.45990962556 -1.53208938593 -1.61015886995 -1.67383776675 -1.72394477556 -1.77553774045 -1.83928418810 -1.88950808530 -1.93154196322 -1.98832921372 -2.04202010891 -2.08332485896 -2.11095926926 -2.12524547566 -2.12675090066 -2.11566784510 -2.09022493155
