# Number of parameters = 5  Objective function value = -2500.39  Maximum gradient component = 0.000306080
# phi:
0.987896737239
# log_sigma:
-1.77653603383
# log_sigma_x:
-4.40489134670
# nu:
11.2781376912
# lambda:
-0.0931428555976
# h:
 -0.536425406820 -0.530970215206 -0.511016853361 -0.478615180821 -0.431733722432 -0.400057716988 -0.359996308878 -0.359856033904 -0.346647833338 -0.319820787505 -0.278523456685 -0.223660323262 -0.157155055106 -0.0946614911344 -0.0206290893456 0.0313766715121 0.0956108670789 0.131422325893 0.158798207923 0.189432219261 0.219952890494 0.259988021280 0.313140203186 0.336376393852 0.328630803347 0.332385298999 0.332978871788 0.296895748119 0.275419758231 0.268425784446 0.250616263665 0.230951124818 0.225178133294 0.183009702046 0.155352301547 0.142290802113 0.128782512605 0.129566046627 0.130158364548 0.137624184373 0.117604986878 0.0655168608908 0.0256433734973 -0.0151875131459 -0.0555797693864 -0.0967635948159 -0.125601344897 -0.170851639269 -0.201993511966 -0.246392022714 -0.276286645922 -0.303611884013 -0.316421309383 -0.319315017182 -0.397616631198 -0.468374622379 -0.533133197597 -0.587860181115 -0.634180479528 -0.666137614786 -0.690923076035 -0.704962729975 -0.730891982415 -0.742450253620 -0.744909815600 -0.733839837352 -0.732282768193 -0.719136598617 -0.708856613736 -0.685079232473 -0.653217122925 -0.612348962164 -0.571187877407 -0.524460752978 -0.463630835923 -0.388553159740 -0.366139833311 -0.331577405282 -0.296326428537 -0.247826489441 -0.185111877762 -0.135784735443 -0.0735870870843 -0.00248794346363 0.0650081986280 0.0946492087411 0.138885029551 0.194733309174 0.250099585055 0.266538186775 0.297439674221 0.326378749314 0.361275910002 0.351964969426 0.352658863930 0.354153752632 0.368209409621 0.374917995310 0.394874587435 0.411059312853 0.418631173270 0.407245931141 0.391982762447 0.335270864454 0.293177416531 0.260234335403 0.238272312137 0.226479317245 0.206547360304 0.178471511642 0.164426466336 0.159114413380 0.122243782914 0.0961423672591 0.0846142387230 0.0691262324539 0.0463975827639 0.0337160420018 0.0351842728116 0.0486094462321 0.0450207144894 0.0481995306894 0.0659659467106 0.0782161194113 0.104995484325 0.140973346841 0.172307619508 0.218194176092 0.236265242139 0.268250858202 0.288965835976 0.306856911262 0.333711631401 0.360427394541 0.391426618233 0.398848149242 0.417919723505 0.404521303033 0.402384085511 0.405130653599 0.386937577836 0.374807115413 0.358701318339 0.331058293433 0.314924385398 0.310993217762 0.296485597993 0.282561516878 0.273492786679 0.219925608202 0.175066329734 0.138367808352 0.114008349706 0.100607188696 0.0959305943359 0.0848644348728 0.0705838633523 0.0708939373501 0.0855378246926 0.106767888095 0.126330741603 0.153700717501 0.175245788820 0.206546880250 0.252209198042 0.304884791805 0.326146370478 0.362028350805 0.411169683460 0.473015423329 0.519952883300 0.576111251404 0.631904014764 0.634649049081 0.646521068542 0.671711561380 0.688640067600 0.714989494401 0.680340873814 0.630968142440 0.560980535886 0.488923038152 0.431375224631 0.382169820231 0.337078290256 0.300863392923 0.276581230335 0.186005519581 0.109391840898 0.0473460995150 -0.000112015214759 -0.0330791973803 -0.0550898601402 -0.0708228872711 -0.0744076001968 -0.103201816572 -0.119333442436 -0.123640255471 -0.172155399042 -0.206115178820 -0.270480724968 -0.320934156204 -0.368948402844 -0.403688420794 -0.431822494326 -0.453737706621 -0.461542883656 -0.458052970434 -0.443197644758 -0.463432409342 -0.470999957073 -0.468299980009 -0.463140203746 -0.487776798073 -0.500451452200 -0.507373471974 -0.524930451037 -0.528118540993 -0.520062760673 -0.521143141577 -0.507842550493 -0.480065418486 -0.452918142307 -0.447955240725 -0.429554782466 -0.423071360240 -0.411237692071 -0.387651389774 -0.354748583300 -0.307492771940 -0.261943939291 -0.207327079305 -0.138272396863 -0.102285996818 -0.122821739444 -0.128796871937 -0.121347223974 -0.130165968486 -0.125660095867 -0.137467162092 -0.134751687679 -0.123957418611 -0.110730215006 -0.0846181106061 -0.0786415603200 -0.0581385814707 -0.0244221888249 0.0196711441004 0.0162366237489 0.0253576199726 0.0490305649955 0.0858498750842 0.107725399515 0.144187378515 0.187802951865 0.216896373993 0.222658998438 0.238333926609 0.257391080385 0.283367288558 0.313476635252 0.309076139432 0.305941466657 0.317407700002 0.343354235203 0.367707784356 0.405607379368 0.424471517662 0.456903750516 0.481269623623 0.481851124628 0.475857318646 0.472170554579 0.480346708878 0.496885771462 0.475745864268 0.468715431204 0.455165153865 0.415511023882 0.386791398827 0.361264771097 0.349314705123 0.349627316825 0.363447509952 0.374650321377 0.393129942267 0.423309520161 0.467910436279 0.517093252467 0.557278844969 0.611496864261 0.676344141152 0.741871383575 0.811481991198 0.894502800874 0.991784831433 1.07162875636 1.16572908736 1.25839688470 1.33358781901 1.42270510481 1.52119809036 1.63449484586 1.72259413866 1.81900800850 1.89540919537 1.95443874697 2.00146193292 2.04192860506 2.09287880486 2.15847520291 2.23381907010 2.32406862164 2.36852634887 2.39677887095 2.43945008548 2.48078420400 2.53466696711 2.58961157613 2.63330824597 2.69036860005 2.72418277658 2.77139258693 2.76348207333 2.77005534248 2.74487538315 2.72081634703 2.71110811744 2.69844949419 2.69259994726 2.67501990213 2.67149197369 2.67273425811 2.68013651673 2.63431372404 2.60191178531 2.57877676318 2.56884888389 2.57363077706 2.57814987344 2.57470626295 2.56498526154 2.56266852070 2.57328975136 2.59379483777 2.60719531152 2.59743169743 2.58751091538 2.58595632271 2.59886279749 2.59784944964 2.57820352015 2.53982399087 2.48021779565 2.43542236787 2.39241179791 2.36369281806 2.28959037625 2.21109030376 2.13873238456 2.06918161283 1.99435096110 1.91062291985 1.83204935876 1.76594321991 1.69885630348 1.64587480979 1.60343162372 1.52238549117 1.45319155054 1.38649242108 1.33453049688 1.28677877012 1.25013273004 1.22744355849 1.21884507526 1.22412043720 1.22284217967 1.22918662569 1.21662886063 1.21765671447 1.23159083713 1.23352747434 1.25009164649 1.26663736325 1.28185363864 1.31183970178 1.32664578502 1.35622760312 1.39916168577 1.40133779011 1.36956788403 1.34520039142 1.33504747184 1.33903978785 1.35428384555 1.35087942398 1.33368165848 1.31578650405 1.31254617086 1.31586644760 1.33165033862 1.35358514863 1.36772137263 1.39664076968 1.39001290581 1.39661718481 1.41800932083 1.45074109877 1.45479751846 1.47348283992 1.50244935814 1.54218733137 1.57025998406 1.57571907470 1.59261576616 1.61778758988 1.64488982643 1.64776016332 1.66406304167 1.68210895288 1.68205800909 1.69682737590 1.72367043260 1.69955171049 1.69026140489 1.66113125581 1.64582188929 1.64475042770 1.63467245349 1.62906004125 1.63374835707 1.64389781561 1.59024660203 1.54113390433 1.50477741102 1.46839601896 1.43550411871 1.38842725429 1.35109824876 1.31989281618 1.27719182148 1.24635480617 1.22736240294 1.20483557572 1.19218554575 1.14746285773 1.11744631933 1.08726190681 1.06542608096 1.04805119956 1.04470270690 1.00337938300 0.956474599825 0.921064220893 0.895766747215 0.870850316891 0.855119137223 0.853406011886 0.842250786892 0.845598247114 0.862465046436 0.843375312439 0.837870710179 0.830784888977 0.829216582093 0.812415369409 0.788655135228 0.779380030464 0.752775383742 0.734755288896 0.723701802316 0.679437522110 0.649437164599 0.632010747972 0.612790547189 0.607881234348 0.575693374465 0.536864076856 0.495346424545 0.454387065191 0.382005267290 0.324161468607 0.265784390102 0.209263341900 0.166415634064 0.137890752561 0.122951744952 0.120938379556 0.129600081479 0.152822629724 0.148245580231 0.142874044858 0.151685751596 0.167514996723 0.197243893952 0.183025918310 0.183147962312 0.193654398050 0.176332345699 0.173168360361 0.175937724385 0.185842093774 0.208699449194 0.191702285134 0.188937182506 0.169906588741 0.164951416706 0.173591164003 0.194794360751 0.177274457183 0.171688317253 0.112135646661 0.0587998950748 0.0199329075813 -0.0205692529324 -0.0478688671670 -0.0607550724651 -0.117345830776 -0.160375678372 -0.189859040943 -0.206113061218 -0.211259746685 -0.223759617416 -0.221713702970 -0.239832189559 -0.244562429921 -0.236403270803 -0.218791816539 -0.214160863974 -0.197016857239 -0.185700876054 -0.179979422034 -0.166827547438 -0.149139187402 -0.170748990307 -0.193355923408 -0.208596927089 -0.227983832454 -0.280449831258 -0.318551067799 -0.342803818370 -0.352555614376 -0.348881647231 -0.331642361580 -0.310345063390 -0.327403614502 -0.332102054370 -0.335296089893 -0.353260641270 -0.370981273548 -0.385447007355 -0.405605276995 -0.411800193302 -0.411195144369 -0.397671759695 -0.409806410092 -0.409463802540 -0.395642057899 -0.369724840710 -0.337242396984 -0.305706954995 -0.273285569552 -0.232372156003 -0.221524759686 -0.197184276604 -0.160284429120 -0.167591408086 -0.163605157921 -0.176364904950 -0.201997254029 -0.213912624011 -0.220058485253 -0.216517483764 -0.201188319177 -0.172797115647 -0.171380699847 -0.157718231507 -0.138566760770 -0.117819754536 -0.0880395967406 -0.0536906797404 -0.0199570662508 0.0118971259313 0.0433453458196 0.0877361881954 0.113709859450 0.105514966553 0.0565081521335 0.0173197069934 -0.00771231894731 -0.0181766269142 -0.0564623441427 -0.0807071587527 -0.145773238506 -0.196339489924 -0.236030102303 -0.275854953415 -0.306516548904 -0.356466407947 -0.391908468352 -0.412983337316 -0.446324274076 -0.467438254071 -0.509118217878 -0.536475570280 -0.553598554403 -0.600174895484 -0.635400163327 -0.689251070616 -0.728625411030 -0.769257460294 -0.803908244074 -0.826027492051 -0.857623772817 -0.878720723950 -0.896098653923 -0.903189137776 -0.911394237548 -0.913986307917 -0.902327994072 -0.908244945345 -0.910746402273 -0.932008222076 -0.942863710335 -0.940794740910 -0.933540446138 -0.912062537601 -0.876955164350 -0.827405795334 -0.786577681114 -0.789385551064 -0.780259166153 -0.756671486207 -0.722859132948 -0.676521251493 -0.616207633571 -0.558722555558 -0.502345823443 -0.432419191906 -0.366956311641 -0.314658911495 -0.264419539459 -0.240647515774 -0.252839483754 -0.253696635030 -0.243115677085 -0.221615727434 -0.204071462532 -0.185237404159 -0.181523850459 -0.188225744497 -0.185037762233 -0.242480253415 -0.286429273132 -0.327708101929 -0.383256405236 -0.425468567440 -0.471442411954 -0.504689578730 -0.579217050381 -0.643170754800 -0.703323832588 -0.749971395413 -0.782621560372 -0.831139524316 -0.892234793068 -0.940425929999 -0.974589255363 -1.02748544117 -1.06769878632 -1.09349249175 -1.11024010844 -1.17310188124 -1.22163129648 -1.25684514705 -1.28721677342 -1.31103898588 -1.32056300047 -1.31571623309 -1.32481715170 -1.33634098537 -1.33361529515 -1.32736252429 -1.31975037747 -1.32236502370 -1.32292803455 -1.31062676753 -1.28404338178 -1.25848131004 -1.21854525196 -1.16865658773 -1.12705444035 -1.09568994224 -1.05077774055 -1.00247009715 -0.943619071789 -0.885312052776 -0.813279069941 -0.726805648799 -0.657158587269 -0.573061498075 -0.514870684758 -0.446372350619 -0.376423194353 -0.292320343989 -0.194257577022 -0.0894280548631 0.0271490132069 0.113012685022 0.208991413860 0.302479348445 0.389173705471 0.475834340043 0.543679198829 0.622695549686 0.668857454552 0.716043383360 0.699023090452 0.695636283460 0.695172996978 0.700480406707 0.701545703294 0.717295956147 0.736241154881 0.767912700274 0.758505892679 0.750594436449 0.747916952069 0.759901935986 0.784313392431 0.771983339027 0.765723941034 0.758823109831 0.730670452724 0.716570825727 0.668549096327 0.624188116072 0.586529798274 0.560712497008 0.497649651577 0.448133994423 0.412765261120 0.350969598306 0.303656909558 0.270956188494 0.252858055910 0.247586430632 0.235813119872 0.237454015069 0.230765956540 0.238196168649 0.259570537179 0.238300274754 0.222090090118 0.219110999651 0.228219986465 0.249382638609 0.215182633202 0.186627994365 0.167448958729 0.162875306218 0.148204774889 0.148059950469 0.162502019566 0.136239919080 0.120905759001 0.105549465736 0.0886125626790 0.0365771398189 -0.00905975297645 -0.0561608993518 -0.0890175634548 -0.113787793472 -0.126714105657 -0.125118808178 -0.165376859719 -0.194708943049 -0.214991845706 -0.221182121713 -0.215257996590 -0.199328967022 -0.174327270267 -0.201186354481 -0.218064940522 -0.223192206217 -0.213802825775 -0.212841245565 -0.197449224159 -0.200336902870 -0.191021848476 -0.169910329868 -0.159284585266 -0.135397170612 -0.105059719754 -0.0959583600107 -0.0964369207185 -0.0823577546844 -0.133488494658 -0.182080010471 -0.241962073189 -0.305185781023 -0.360975710169 -0.406306382106 -0.441463634561 -0.486181009793 -0.516639877176 -0.535025517266 -0.539037846160 -0.528570299523 -0.547760439013 -0.554138914421 -0.551100406872 -0.546900574073 -0.599574130365 -0.644785039292 -0.681175030690 -0.704986271306 -0.716941347286 -0.719445543663 -0.721916045038 -0.787870115645 -0.839624445775 -0.877929439873 -0.913572478584 -0.934783338289 -0.946255467094 -0.960262774251 -0.964167307816 -0.954786687323 -0.948652540292 -0.979587270800 -1.03144046994 -1.06977206247 -1.09563198139 -1.10864670099 -1.10727300847 -1.09434064891 -1.06726449471 -1.02594084620 -0.970322379236 -0.920702431668 -0.860905693794 -0.863912641786 -0.857064258621 -0.837315064042 -0.819120445731 -0.791993723879 -0.755344687044 -0.732760471762 -0.696288758565 -0.689829707280 -0.668902986739 -0.683503269453 -0.684997221306 -0.672854642520 -0.682413643769 -0.725891231744 -0.767669603488 -0.795703955127 -0.818669756080 -0.912893039387 -1.03861002070 -1.15218206726 -1.25219355143 -1.33783102307 -1.41599907443 -1.48792460038 -1.56634719855 -1.63043397038 -1.68056890784 -1.73113936467 -1.79501382942 -1.84498041571 -1.88624304223 -1.94360010043 -1.99767311069 -2.03987606646 -2.06806630498 -2.08250117058 -2.08367965619 -2.07279052323 -2.04770299488
