# Number of parameters = 6  Objective function value = -2530.48  Maximum gradient component = 5.29278e-005
# phi:
0.973667031324
# log_sigma:
-1.41839943938
# log_sigma_x:
-4.33652176141
# nu:
12.2892710692
# lambda:
-0.200833104329
# rho:
-0.882368099118
# h:
 -0.791278022270 -0.865578853737 -0.853534926212 -0.909797415541 -0.899081180970 -0.506648884988 -0.605397506282 -1.02145102225 -1.08878772065 -1.01033085495 -0.978439313006 -0.888323134045 -0.964914935362 -0.604673031248 -0.681207181752 -0.203328010865 -0.274602674472 0.167105736180 0.394930001556 0.241870450179 0.414408670360 0.308174021699 0.245944457584 0.624049141589 0.309960934789 0.209036060451 -0.0103455071451 0.448967066627 0.403907342567 0.377420889177 0.586767869295 0.712492557729 0.633914224001 0.299003358111 0.270817728297 0.230407374011 0.0390588491952 0.0452106180780 -0.148478341261 -0.00178571118365 0.364485305405 0.0308576607455 0.0721281243526 -0.128645699109 -0.328628825287 -0.123471104765 -0.213194681942 0.0723285740701 0.0667216965878 -0.173392652187 -0.188444969117 -0.349539575573 -0.353774551343 -0.249446326531 -0.808951340403 -0.966999460429 -0.795720048696 -0.913476639667 -0.779296433222 -0.769846120668 -0.894164592848 -0.980217987929 -1.24301364109 -1.21408126826 -1.05403209778 -1.08624854744 -1.33453104251 -1.20244594657 -1.42109411717 -1.33168662183 -1.13418047111 -1.23917273964 -0.951213492210 -0.749285353779 -0.760550325740 -0.704653071006 -0.0906454663548 -0.152567402868 -0.300663611871 -0.237794502313 -0.197883001044 -0.430740630561 -0.480188082570 -0.313211067138 -0.518068501446 0.0523034057289 0.0360591421295 0.118191661196 -0.0660634203726 0.418866886250 0.402464496949 0.570450657846 0.668377002755 0.293100669653 0.365767671755 0.516759668590 0.423843719822 0.628402707990 0.548350334257 0.722363680733 0.502328997971 0.769140414630 0.568304828872 0.178687787839 0.143888134932 0.00449552066572 0.0862141241404 0.176250143220 -0.0666747116639 -0.334927036007 -0.304540735258 -0.448168948554 0.0474039505433 -0.0820868508527 -0.126718258323 0.0855598319611 0.282121169816 0.154592477625 0.145087401777 0.0474506183214 -0.242273506314 -0.405935318447 -0.427087005728 -0.148587253822 -0.187630481747 -0.0730838376706 0.157562277587 0.142535716070 0.490890883777 0.418031423978 0.628339686498 0.429514894366 0.298300694724 0.466284108805 0.301473106845 0.621750532514 0.651185011426 0.945627104753 0.950082860411 1.00762292891 0.741476325415 0.584044336745 0.736028309996 0.493413061354 0.381529725552 0.419970211267 0.171099613467 -0.0325859297679 0.125763123933 0.574308457831 0.608508936127 0.459842143653 0.468236925394 0.352434929104 0.222135351009 -0.00288114689264 0.192397792671 0.155765373848 0.152080996976 0.0135753388342 0.213290077864 0.0875404231334 -0.136498569432 -0.256785356978 -0.229944003128 -0.0531210406535 0.397977949535 0.376796212196 0.416128437608 0.344746629051 0.646098606984 0.739297333420 0.909500965144 0.502494295155 0.602372825887 0.529655602081 0.781485045198 0.868555194443 0.390820432550 0.682710598439 0.357365817829 0.107612477514 0.0425675088900 0.156421865108 0.299810353520 0.380193124620 0.276196615565 -0.274354829782 -0.268862760699 -0.317775145958 -0.350185360494 -0.390442308942 -0.294220694222 -0.146547836421 -0.228449617590 0.133192526064 0.166101625216 0.0838819902657 -0.292687259357 -0.314111617756 -0.679098694117 -0.650915706443 -0.461335080706 -0.529341468893 -0.668830520219 -0.812879885082 -0.773856470376 -0.662965576873 -0.555298142178 -0.921435165967 -0.990179871496 -0.848082478165 -1.02180800173 -0.528358057331 -0.615676749513 -0.472099920890 -0.710532400146 -0.701586862967 -0.788774183532 -1.04154198551 -1.06106375833 -1.06407031592 -0.786207357535 -0.397226735018 -0.454575826240 -0.192268047616 -0.326818362996 -0.405215675826 -0.506979215991 -0.525098820388 -0.286835349328 -0.164132018566 -0.141103929817 -0.478485504105 0.139823806600 0.0860468585125 0.0885849700967 0.309644216477 0.219796522001 -0.0406055581395 -0.0715660224725 0.0165417098794 0.145261172291 0.0625029567087 0.324957540509 0.289906109473 0.301499982871 0.197370794549 0.596003091827 0.593384007074 0.536510981190 0.455205664628 0.657884764289 0.610023907779 0.681143491834 0.452365930441 0.717291960211 0.602388356517 0.706737104521 0.781459107384 0.874748151460 0.577697067790 0.406368033976 0.388102227016 0.387966212860 0.200403644149 0.144298815316 0.497163096303 0.439407799071 0.681607041071 0.395517226583 0.160060561489 0.351823193646 0.421527682307 0.536709576496 0.160165355394 0.102631004278 0.372947907484 0.0245555597493 -0.101678358461 0.0935261159338 0.126729577465 0.0351585470348 -0.0286225001623 0.224680473794 0.360283099964 0.277398256987 0.252176535936 0.101410013285 0.421938930448 0.384817304527 0.294379366847 0.101759561351 0.339513444220 0.421065991109 0.478961094855 0.897459170731 0.875656621668 0.680514367456 1.10547474714 1.06490022553 0.953333090815 0.962021182436 1.47669353700 1.35664523185 1.77659964309 1.48622477379 1.16641286978 1.51259227693 1.62174861491 1.62929887537 1.48314330803 1.46239766620 2.17038387087 1.83305940881 1.83210851358 2.06962917823 2.11798452137 2.31163186651 2.58099882385 2.59831742459 2.91486150589 2.92316167376 2.44506596346 2.42691417175 2.82948760018 2.59819350146 2.57263159481 2.30684865260 2.42321330080 2.67816796128 2.57331426462 2.68817491311 2.78517631854 2.30163516347 2.31008905395 2.13301933852 2.01146038519 2.00116590786 1.72890348635 2.06948547783 2.32511843730 2.13211901006 2.16751641094 2.25954983992 2.50762264273 2.14215026476 2.33657576126 2.42544352549 2.33837753796 2.61889262445 2.87642622870 2.57737163318 2.23174788634 2.14911334107 1.90868881937 1.81413907250 2.36925327354 2.09808111190 1.88706090603 2.01620445553 1.73791230280 1.41738514284 1.54997931444 1.40825121268 1.58937814449 1.48711693109 1.54251988569 1.10261577338 1.14644248407 1.29367096625 1.22166881660 1.34128185489 1.38030606264 1.29619561596 1.22243589179 1.23725689056 1.00209868335 0.848706740961 0.491176111807 0.540709401677 0.437444303923 0.821718454305 0.766504232808 0.987968250106 1.19100977114 1.15247346639 1.43800777953 1.40021118292 1.31929944599 1.74526791076 1.40232268664 1.48588288748 1.40854398669 1.33677212637 1.22601086393 0.906037183154 1.22683987988 1.39347457678 1.36293123035 1.20275329977 1.24989245198 1.08919731361 0.816169038314 0.792196986806 1.31433165858 1.20916211836 1.16491174425 1.23440735789 1.60830218743 1.57542095970 1.63173665059 1.68567177691 1.90365208174 1.61346552971 1.66276186921 1.75155436809 1.89201445018 2.16826588092 2.17764942124 2.02496432894 2.26613064897 2.24441369871 2.29173939756 1.94574154666 1.92138403085 1.65419364835 1.59472408905 1.62582249662 1.39366236414 1.22776050853 1.35745195125 1.54184549944 1.00137675899 1.19800936251 1.10503369988 0.879285537781 1.09464504253 1.42010884101 1.30232572592 1.15457579266 0.881901652028 0.778718467860 0.879387689942 1.14149408075 1.03886535341 0.663435999717 0.637460461089 0.884361739473 0.756301138789 0.589232763597 0.544926343928 1.09035013760 0.876905184411 0.955711256209 0.856038216133 0.680609335848 0.811152355016 0.858537112504 0.640899883591 0.674972175076 0.640411460795 0.248935594978 0.324141369553 0.0960208365745 0.323434686476 -0.00806925922259 0.347232964438 0.357297271849 0.715929766115 0.580159721815 0.709266569357 0.337275258050 0.347641700052 0.409944524998 0.624454484892 0.633360911811 0.303348334466 0.554833687630 0.342137842074 0.138931282712 -0.279168436870 -0.329383840433 -0.0816241493352 -0.299622146519 -0.265272774808 -0.254713816126 -0.321641208912 -0.249712029163 -0.354545052214 -0.364560430070 0.106563441203 0.292757775679 0.301974032986 0.178250761489 0.135375726241 0.596043169136 0.549668741742 0.457696009186 0.164788554885 0.183420053777 0.0482266130133 0.191692686713 0.136800190461 0.584947097134 0.546386622308 0.786400626821 0.798675706475 0.760211986908 0.813875892560 0.543482240889 0.487839654116 0.105475932394 -0.0238088791701 -0.00335731464994 -0.176793708845 -0.218366282913 -0.177304687540 -0.582256491768 -0.626666233527 -0.663923519157 -0.567418544304 -0.426543584834 -0.634526555039 -0.607984963186 -0.919949100961 -0.959560919780 -0.836579063148 -0.647311431378 -0.917747701585 -0.787205344359 -0.439259226847 -0.647183911516 -0.770568855042 -0.527592481214 0.00757820586031 -0.155252548732 -0.266500138587 -0.459637189641 -0.842387880828 -0.816996129659 -0.857419086727 -0.834933931167 -0.872738565998 -0.783610904533 -0.547216677914 -0.0459271346028 0.0247007895265 -0.0960856808755 -0.304862557033 -0.452335162255 -0.586445121928 -0.790533941285 -0.723066279158 -0.836474982092 -0.871033462322 -1.23257636903 -1.10358539501 -1.13900994079 -0.994137521388 -1.12789440795 -0.793128793472 -0.522649072964 -0.354977897313 -0.683056668540 -0.601006716105 -0.491882399131 0.0665967553380 0.143804942238 -0.0806588131159 -0.311042946532 -0.349466558747 -0.477640535903 -0.570604461747 -0.634763241058 -0.532600199115 -0.886614448249 -0.962364795097 -0.714445988658 -0.909598306785 -0.716883881631 -0.479933587301 -0.680348273855 -0.377578348948 -0.130843400596 -0.0581760520838 0.281222231846 -0.0480886052170 0.399328847984 0.279723480403 0.221279894379 0.189931326941 -0.116023343734 -0.168185366132 -0.583542364371 -0.590719069539 -0.703973781519 -0.469152582764 -0.592635806939 -0.920459117907 -0.942384577523 -0.921651909732 -0.576610164624 -0.515299804456 -0.818111981909 -0.809035234803 -0.917967538072 -0.489613192982 -0.593067497437 -0.882318571124 -0.903727636087 -0.704463451072 -0.848877829639 -0.796379626562 -0.563417879366 -0.659444346265 -0.801445616901 -0.891444808846 -1.06506283377 -0.901806805289 -0.919431939040 -0.608706158692 -0.736975548211 -0.984442073207 -1.06875912197 -1.11360075538 -1.24027711899 -1.24298850943 -1.16141898415 -1.12308540209 -0.792043857968 -1.16482074406 -1.22808576524 -1.20863257378 -1.28870950916 -1.33189412040 -1.33364082786 -0.980758039652 -1.16206489659 -1.18285439424 -0.813351850247 -1.09150607629 -0.762155912168 -0.301846731179 0.0944079827131 -0.00906527533123 0.0346473608467 -0.0635800219105 0.117334751561 0.246427644141 0.0154279467870 -0.214858721143 -0.127337805439 0.372267858499 0.276152329176 0.347942044573 0.116831356384 0.108218063012 -0.0793137627345 -0.0619475606611 -0.399186561092 -0.505611909455 -0.658737910004 -0.713167796439 -0.686448379910 -0.411458293928 -0.616873779066 -0.571667335364 -0.597797562811 -0.817982654419 -0.861046491868 -0.849977957522 -0.916223459450 -1.26387159724 -1.23239454154 -1.25223984837 -1.35492961707 -1.44386437020 -1.38679949019 -1.34609619545 -1.54755458201 -1.70516882894 -1.63420252164 -1.38457405779 -1.49523620410 -1.69179326570 -1.42514510586 -1.31011148614 -1.27066701114 -1.38516714304 -1.31629137796 -1.13604413345 -1.28240653051 -1.46650086745 -1.45247838505 -1.17631350766 -1.20056743105 -1.32826363108 -1.30447853756 -1.23937507467 -1.51193007482 -1.46407475350 -0.847198779269 -0.905690594697 -1.06096168793 -0.970417119762 -0.964081567851 -1.08901806821 -0.893928273423 -0.232268613291 -0.305706651044 -0.512713104058 -0.117983008899 -0.318764330320 0.161022516082 0.272528784868 0.735390331686 0.894797210450 0.402487027012 0.422539301156 0.217412806397 0.376948505907 0.605151711468 0.564018552359 0.713919252769 0.748169444685 1.14872367975 0.959853652011 1.04593457654 1.00138753011 1.02291186730 0.660244968686 0.770878004082 0.923539797569 0.612662323256 0.530136907521 0.913286661753 0.988275815954 0.817700500610 0.828589362343 0.453035839258 0.350452799667 0.337362944070 -0.0293148554937 -0.0517725309579 -0.0980713718816 -0.137915921357 -0.0818336275356 0.174220540827 0.198427865216 0.422903027470 0.360033579798 0.370235146437 0.760732887513 0.829588898724 0.823609499653 0.838526123262 0.751701033903 0.364994152878 0.211023684932 0.0882275645339 0.0690436934994 -0.183415351023 -0.179642782560 -0.193383864388 0.315500468154 0.208861178555 0.0231120942156 0.215696127177 -0.142163000708 -0.304427256328 -0.531745726419 -0.513608145685 -0.369929302269 -0.289880798162 -0.288340842949 -0.716373429696 -0.608160081172 -0.744194857638 -0.707495423318 -0.610660880344 -0.719380439861 -0.560683902790 0.0361040313246 0.0901009832101 0.123403213844 0.0972051671024 -0.114070336091 -0.150763556891 0.131276764545 0.166702336922 0.211052194990 0.406514104352 0.345148654350 0.439413988621 0.207268679966 0.413877629868 0.398487522750 -0.0189270222843 -0.182702069027 -0.431545459149 -0.209585761249 -0.338123224074 -0.434604353933 -0.528549984675 -0.761232257159 -0.729514800634 -0.792906537782 -0.756007265566 -0.741642770305 -1.08308175705 -0.981461230299 -0.820610733495 -0.584748149777 -1.04536337342 -0.878368529996 -0.989980304763 -0.901606120489 -0.800120448870 -0.882866107641 -0.649897791756 -1.12012718604 -1.08740360074 -1.02256213634 -1.17029720255 -1.14602558064 -1.22393978599 -1.40652347286 -1.24608291852 -1.26502153622 -1.44827109959 -0.890273040792 -1.15712898710 -1.19594593701 -1.24678871425 -1.28454029244 -1.24989760853 -1.12730776513 -1.11522651296 -1.05138302960 -1.02070508865 -1.17971166953 -1.22907573176 -1.78443900344 -1.90465400210 -1.77118265815 -1.41734742083 -1.53355288232 -1.34981468722 -0.951223797540 -0.904837981050 -0.490239382648 -0.503201236760 -0.841448391808 -0.908035901879 -0.864030708340 -0.514837798201 -0.856570145979 -0.693202163679 -0.685016920900 -0.569206311584 -1.07822770575 -1.47562754782 -1.58921825522 -1.56096300664 -1.59265685919 -1.73382577527 -1.88276305007 -2.13236993317 -2.12251236636 -2.14694241193 -1.88901721398 -2.14439081355 -2.16868330762 -2.27054830877 -2.56110705011 -2.73773155484 -2.60452403282 -2.60979085759 -2.61797897997 -2.63409897307 -2.49231127527 -2.42802022303
