# Number of parameters = 5  Objective function value = -2520.93  Maximum gradient component = 9.67423e-005
# phi:
0.975091150684
# log_sigma:
-1.50988046759
# log_sigma_x:
-4.30987738304
# rho:
-0.839442661052
# nu:
13.1944994819
# h:
 -0.691057741886 -0.751935091529 -0.741481918537 -0.784428797304 -0.771964902804 -0.460441673032 -0.541131311923 -0.878532621188 -0.927155469201 -0.859025175020 -0.824980610033 -0.742819624779 -0.790540822992 -0.499180985305 -0.548039911908 -0.162419699495 -0.212988502235 0.151399659657 0.347782416397 0.218336309189 0.369172207141 0.281288264667 0.232528313375 0.552525949103 0.277520613642 0.190885464453 0.00440331272093 0.379830773091 0.334083766203 0.306123683869 0.482312032442 0.587555968324 0.511704912784 0.206643023797 0.178156955851 0.140126019744 -0.0310300857276 -0.0263362819990 -0.196237724079 -0.0689924088585 0.243726112287 -0.0607864319468 -0.0285297629874 -0.210656134855 -0.390227372946 -0.216624104273 -0.300239213806 -0.0578200782269 -0.0702759057141 -0.294139486468 -0.313257354830 -0.463356949170 -0.471204001101 -0.380877055317 -0.887706599116 -1.02894154180 -0.882134639435 -0.987967754362 -0.871520868914 -0.862823583818 -0.972346509459 -1.04711416069 -1.27491866339 -1.24656595229 -1.10438689452 -1.12701878704 -1.33503681350 -1.21512313936 -1.39238898218 -1.30673660518 -1.12917781209 -1.20500641668 -0.952815453812 -0.767924600502 -0.762567437242 -0.698226120500 -0.175724815731 -0.224083608325 -0.347585875078 -0.285150611079 -0.240813996742 -0.431804292934 -0.462835942008 -0.310160371517 -0.470075261095 0.00348785424764 -0.00536292318028 0.0725594775909 -0.0795607307125 0.329855693696 0.315099190299 0.462644790885 0.550539604062 0.215618422354 0.281538325998 0.417041978300 0.337662597295 0.519768863434 0.451075395810 0.607479584022 0.412887039296 0.646627542767 0.465025283625 0.117746943916 0.0873622847558 -0.0336549315730 0.0383126845723 0.119590038514 -0.0878348853677 -0.312956863598 -0.281869581398 -0.395812771184 0.00916695225298 -0.103066734521 -0.140760206083 0.0394758504972 0.208756271443 0.0972695052956 0.0906881087908 0.00800092504531 -0.239227582024 -0.375015399558 -0.388924900242 -0.155755543791 -0.184679405969 -0.0820551385231 0.119449839949 0.114285852931 0.415759086927 0.356699590648 0.543561548588 0.372279784360 0.261810618867 0.410159890517 0.271104231075 0.545160033753 0.573147691811 0.828759145437 0.832533673901 0.885073904709 0.646991858439 0.507779962379 0.640816750207 0.426013964237 0.328180611491 0.363033475117 0.148550224034 -0.0237846176681 0.111865110152 0.486280642360 0.513008751679 0.378286092122 0.383985092393 0.280706904967 0.165416824479 -0.0311867424325 0.134157481609 0.102239130165 0.100592783531 -0.0177037072346 0.155087515558 0.0476582058427 -0.143133249191 -0.242510604873 -0.215532674503 -0.0615438725862 0.318007842909 0.298522983121 0.333847204846 0.272312246999 0.533117410656 0.614650202820 0.765286270019 0.394793350415 0.483262790706 0.418110084968 0.639626572622 0.716377090064 0.279981971355 0.532771502162 0.230604828771 -0.000246894922179 -0.0637314833308 0.0324981202599 0.155852454803 0.224341301877 0.125374523898 -0.379135797946 -0.376735432212 -0.421689158878 -0.450723008351 -0.485699211561 -0.398377768709 -0.264312175402 -0.334737596281 -0.0173511405771 0.00978355174446 -0.0678013737347 -0.412469591661 -0.432405666192 -0.759366455347 -0.733159672864 -0.565242864193 -0.624028989468 -0.745877755473 -0.870562340347 -0.833163304599 -0.731588525530 -0.630751402847 -0.944824581331 -0.996021150146 -0.866134844020 -1.00472412000 -0.590259675372 -0.664108589786 -0.536630821789 -0.741128326109 -0.728425596192 -0.797694082063 -1.00620954315 -1.01505812892 -1.00864702690 -0.771445778945 -0.441211436650 -0.485508928526 -0.256872070384 -0.370282567841 -0.433689889445 -0.516329768731 -0.525870319088 -0.318739386829 -0.205942969868 -0.176962030209 -0.457595382185 0.0554482998656 0.00799018338665 0.0117475150233 0.205243461321 0.126181335650 -0.103656301981 -0.129068575482 -0.0493929270511 0.0672289940943 -0.000473022570610 0.230475307418 0.203696601548 0.219811344409 0.134157440419 0.479153866940 0.477299906667 0.428041025585 0.357689771552 0.537808211025 0.496958703558 0.563827443939 0.362049626673 0.595192402217 0.491980234294 0.585610576941 0.654557551861 0.741492785115 0.476336532486 0.326455728660 0.313912183670 0.318822866069 0.159811402634 0.116995150637 0.419811712597 0.370902181182 0.582446313146 0.329213589769 0.124513834950 0.289994419011 0.353231744685 0.457786536286 0.131426744163 0.0870404011286 0.320267598790 0.0221303700606 -0.0808594659793 0.0866262731820 0.121440750827 0.0509793521815 0.00525181299838 0.223291252304 0.347603162551 0.287252234387 0.277399728852 0.163197242430 0.436410907281 0.416990375628 0.353985207588 0.208805246537 0.413896851609 0.497370510785 0.563931510852 0.919800573802 0.919390496369 0.776126831335 1.13396568123 1.11650874872 1.04137116448 1.06716614391 1.49279258782 1.40525075839 1.76000773025 1.52173941923 1.26601617388 1.55182074137 1.65277192427 1.67179816577 1.56382460109 1.56150067070 2.13147212829 1.84466553859 1.84874193137 2.05180961166 2.09994237852 2.27217909872 2.50935191267 2.53225128095 2.81126166457 2.82388321246 2.40476130384 2.39471680047 2.73720501042 2.53161923578 2.50925813963 2.27769933570 2.37771093442 2.59527134834 2.50209439711 2.60197461974 2.68804662416 2.26075982345 2.26985261535 2.11924167524 2.01786845834 2.01287215609 1.78846876130 2.06774183221 2.28280867760 2.11652919051 2.14833519620 2.23027136527 2.44445803591 2.12868315090 2.29523933760 2.37529070423 2.30445940486 2.54632209561 2.76976026189 2.50253902463 2.19847590103 2.12662600034 1.92061029330 1.84087873400 2.28815503267 2.03897490506 1.84466673747 1.94431604644 1.69082520462 1.40449557515 1.50711189458 1.37626929758 1.52132609074 1.42355781895 1.46457814815 1.07295590449 1.10566360865 1.22784084741 1.16219949598 1.26386110015 1.29775384403 1.22430970368 1.16103066268 1.17686922401 0.975305573324 0.847078479849 0.548726192451 0.595108562998 0.516621187580 0.830994601492 0.789135939065 0.978573374383 1.15584942119 1.12956645950 1.37769221184 1.35109360327 1.28779732100 1.65121373482 1.34748970967 1.42036281672 1.35443448106 1.29449986426 1.20156493996 0.931192071824 1.19790158723 1.34093240627 1.31683528517 1.18083341662 1.22521044895 1.09216085115 0.866607704967 0.852942991380 1.27681164821 1.18510924637 1.14738717647 1.20849986569 1.52317716850 1.49186923183 1.54052897868 1.58890494178 1.78056579310 1.51926132302 1.56314983881 1.64342421854 1.77037684973 2.01522523296 2.02257562989 1.88206194896 2.09539398741 2.07146755082 2.11212068103 1.79064894182 1.76735114290 1.52303242691 1.46918484361 1.49831034922 1.29086166930 1.14503146375 1.26190757487 1.42790305906 0.947698839390 1.12049383096 1.04162730402 0.847892213315 1.03515390331 1.31575820551 1.20918699873 1.07692566340 0.836853108599 0.747422950170 0.835070021800 1.06049644410 0.969833397743 0.642661042547 0.622705296773 0.833842814024 0.724450044924 0.583149573187 0.548667206034 0.997825368269 0.800213163955 0.861606984891 0.766330381979 0.605177850469 0.714129247160 0.751998929461 0.554946578355 0.583358623697 0.551825820487 0.206985470522 0.274525320268 0.0803849841593 0.277342294222 -0.00490476861056 0.294501520806 0.305032321445 0.611141976136 0.486474071416 0.597201428785 0.262805989887 0.270945622462 0.326295182820 0.514528363238 0.523536868097 0.230766205191 0.449775900772 0.259785921784 0.0802949310646 -0.283063323647 -0.324639494030 -0.116258801613 -0.303179215594 -0.271984677599 -0.259003935476 -0.310951246682 -0.243701217274 -0.324819755328 -0.324467032811 0.0668039432855 0.229071903399 0.240879016561 0.137036421125 0.104835073685 0.494585105505 0.450136472089 0.365663347125 0.104721911116 0.120458743548 0.00249354670234 0.127312844022 0.0809180560730 0.460795309489 0.418457386436 0.622873065133 0.623904811266 0.579126396162 0.620361041719 0.361612632786 0.303280364396 -0.0559128751021 -0.179254688195 -0.164377863022 -0.326638602381 -0.367524687416 -0.331968442512 -0.701926297836 -0.741651911735 -0.774416911465 -0.686245417702 -0.556996002606 -0.741337061381 -0.713031795982 -0.985268226625 -1.01349138789 -0.898525001723 -0.724436953940 -0.952528176760 -0.828495651964 -0.519700519006 -0.694157670597 -0.792047463190 -0.575237286405 -0.115666913767 -0.264825323362 -0.366669651248 -0.540142052846 -0.877048998730 -0.853877251456 -0.886560574799 -0.863581062843 -0.891619249108 -0.809275428077 -0.600680605118 -0.171527105001 -0.112618776964 -0.226199863538 -0.417879412861 -0.552603845297 -0.674041968846 -0.855441282925 -0.796045724894 -0.894527120541 -0.922888408029 -1.23289383294 -1.11808564589 -1.14197080819 -1.01118033107 -1.11675825190 -0.828775075149 -0.591101656469 -0.438795270781 -0.721465156312 -0.642247729497 -0.537714381503 -0.0577180931275 0.0104662698916 -0.192987988474 -0.399136405816 -0.432627096808 -0.544758430982 -0.624750947204 -0.678589962162 -0.586727242149 -0.889175757269 -0.947488452996 -0.733593500686 -0.893787227982 -0.724401221638 -0.515616949882 -0.680031531426 -0.417693117144 -0.199305202374 -0.128267349523 0.171622114749 -0.118597935352 0.265144965626 0.151042816969 0.0931666331169 0.0608476995051 -0.217974468599 -0.266940948119 -0.636854060589 -0.643293302710 -0.741381887135 -0.540466849652 -0.649232751480 -0.933715990938 -0.950797611305 -0.929889816440 -0.638277655229 -0.583805547395 -0.846775163102 -0.835815212157 -0.925596887941 -0.566980568014 -0.660901625247 -0.916043682883 -0.935694327453 -0.766366040187 -0.893316332524 -0.847454251610 -0.646542436988 -0.731318276742 -0.855803101284 -0.933738343399 -1.08293332666 -0.942171872349 -0.954549119978 -0.688016263302 -0.800940115137 -1.01625139239 -1.08759946003 -1.12403579699 -1.22919740174 -1.22758016748 -1.15330585795 -1.11363667408 -0.830124946011 -1.14536259384 -1.19153504983 -1.16687460675 -1.22397520533 -1.24901270376 -1.23870603024 -0.943671032572 -1.08353908304 -1.08833170172 -0.779918370574 -1.00026754154 -0.723721886037 -0.338622666258 -0.00118028436399 -0.0947828387072 -0.0567317343440 -0.143651155627 0.0146929016101 0.129548673886 -0.0769839976719 -0.280496883961 -0.202657482366 0.222506900797 0.125209257234 0.180945591870 -0.0401405356557 -0.0559600437925 -0.235533982128 -0.226281632392 -0.540983931333 -0.643086729183 -0.787104176709 -0.841007050624 -0.820476508378 -0.580403096549 -0.776699631793 -0.741776291096 -0.771347353708 -0.979203615100 -1.02321662289 -1.01661502987 -1.08080690840 -1.40162076961 -1.37373388453 -1.39182617170 -1.48483265949 -1.56470947820 -1.51175462952 -1.47237175196 -1.65034969988 -1.78640517467 -1.71792940847 -1.49237079843 -1.58580068780 -1.75336880763 -1.51486122998 -1.40602192337 -1.36291374900 -1.45589748608 -1.38534043236 -1.21591785808 -1.33300974054 -1.47976242422 -1.45339546181 -1.20463060882 -1.21057071158 -1.30330072147 -1.26587215774 -1.19240374309 -1.39677197474 -1.33459002372 -0.829464039838 -0.863708285526 -0.976444200685 -0.884261041924 -0.859289637628 -0.938566431726 -0.760872400001 -0.222979796923 -0.271483269279 -0.429114101874 -0.0966495097321 -0.252108039391 0.146371493267 0.249603343329 0.644363367670 0.785206403246 0.346822354795 0.365981615897 0.189627966396 0.328529513587 0.527076737727 0.493897699364 0.628360587165 0.663933783884 1.01284962402 0.839594043377 0.914509254375 0.873580149302 0.893596618484 0.567883317777 0.666818763505 0.803660914565 0.526299917242 0.454951682902 0.782862206201 0.844426965605 0.684132753301 0.689463619992 0.345825212850 0.250498694961 0.236335008822 -0.0911508266053 -0.111627614191 -0.151586392402 -0.184618375372 -0.132796687834 0.0903224276668 0.115105674516 0.314557545900 0.261581436714 0.275204185553 0.616537941123 0.676470086433 0.670029042219 0.684009816656 0.605542062444 0.255250384284 0.118248940856 0.00992798678940 -0.00538787743279 -0.224779636373 -0.218150285714 -0.225264950821 0.203875053295 0.102724450066 -0.0682603065783 0.0947878720925 -0.231673230281 -0.380412429843 -0.584615786379 -0.572170718555 -0.449838987425 -0.380550725542 -0.378827560712 -0.755735650951 -0.659855571693 -0.774908563177 -0.738772382250 -0.649145787381 -0.736093010741 -0.592615824709 -0.0871462675172 -0.0425251795010 -0.0148277317190 -0.0395639493755 -0.231692224336 -0.264799232955 -0.0176423814306 0.0113332091767 0.0498646999716 0.224675770225 0.164703465810 0.249084833973 0.0308914688423 0.216003707339 0.197430729837 -0.195357666571 -0.349836597335 -0.581466121123 -0.385623664731 -0.509994392280 -0.604471220931 -0.696351572383 -0.914935716258 -0.889636909005 -0.951053778916 -0.919531798804 -0.907656676138 -1.22119145646 -1.12795295174 -0.980103286501 -0.764575029949 -1.18968027304 -1.03755677687 -1.13923389309 -1.05710511868 -0.961579793318 -1.03462161960 -0.821011316950 -1.25183913881 -1.21912068891 -1.15592730872 -1.28488009074 -1.25733656146 -1.32107742639 -1.47687503616 -1.32868119805 -1.33729263614 -1.48937999191 -1.01225632910 -1.25495746283 -1.29180969580 -1.33879479830 -1.37354272937 -1.34291100137 -1.23312973698 -1.22028230810 -1.15993523083 -1.12809287679 -1.26496796785 -1.30288086186 -1.78401117082 -1.87850525372 -1.75774638963 -1.45430395960 -1.54809256021 -1.38398265897 -1.03982668943 -0.995722997464 -0.635447146514 -0.651729020219 -0.962846516057 -1.02579071908 -0.988128297728 -0.684161412366 -1.00612460519 -0.867060778268 -0.867598086992 -0.768790677797 -1.25019692125 -1.62173091426 -1.73098095503 -1.71012058927 -1.74264818418 -1.87485449147 -2.01348974434 -2.24155763396 -2.23447254857 -2.25732419923 -2.03056190472 -2.26493535117 -2.28879330939 -2.38206557923 -2.64230573581 -2.79766637616 -2.68003692118 -2.68233604029 -2.68648167230 -2.69699421272 -2.56817211067 -2.50537750497
