# Number of parameters = 4  Objective function value = -2518.91  Maximum gradient component = 2.44505e-006
# phi:
0.974369419972
# log_sigma:
-1.51822605774
# log_sigma_x:
-4.30993301086
# rho:
-0.812206750565
# h:
 -0.726582207471 -0.785750256508 -0.774076133873 -0.813326603873 -0.797337875861 -0.492000973761 -0.567218193915 -0.895880760033 -0.942012763841 -0.873941017097 -0.837673240412 -0.753683056999 -0.793929993637 -0.507230462065 -0.546844321484 -0.173927411781 -0.218788498057 0.130580300213 0.320134339521 0.194482773655 0.342615843519 0.259880952798 0.216535362550 0.526940054927 0.260043433568 0.177922116847 0.000479197467178 0.353495811041 0.302503143861 0.270002883839 0.436890104175 0.535709736646 0.457740728933 0.153417353772 0.123009822048 0.0842717830432 -0.0847638512253 -0.0791276210150 -0.244664553058 -0.116389280639 0.189101515909 -0.113794912652 -0.0834204017440 -0.263432223019 -0.439686509530 -0.267497209691 -0.347427873717 -0.107961145472 -0.117986462988 -0.335369234057 -0.350310726023 -0.492403564531 -0.494214656392 -0.399194713408 -0.899102300055 -1.04238621125 -0.906779484392 -1.01434897497 -0.904904600239 -0.899182228791 -1.00763928631 -1.08074714250 -1.30297557314 -1.27397740673 -1.13305642995 -1.15146621636 -1.34987059983 -1.22862643670 -1.39424944121 -1.30467450748 -1.12537081733 -1.18803275919 -0.935744716408 -0.745373367936 -0.724723722632 -0.646739055748 -0.158996487706 -0.204941989060 -0.320768141467 -0.258489350072 -0.211966854350 -0.387440598914 -0.409659619685 -0.257844015954 -0.397573476747 0.0381423821798 0.0284305011153 0.102115342260 -0.0402159762161 0.335800210135 0.313929604318 0.448717534186 0.527880573462 0.195958710489 0.254212993663 0.381202977080 0.300135773988 0.475016795674 0.405592083222 0.557897124317 0.366133327316 0.594439812209 0.415261436096 0.0709477275063 0.0397168495495 -0.0793766904771 -0.00768193314773 0.0743033541854 -0.126733938167 -0.344161258473 -0.309681805478 -0.415398626773 -0.0308535895790 -0.147120506189 -0.189212390531 -0.0171939224199 0.144486119785 0.0298610881502 0.0202550740857 -0.0638428028391 -0.311465561744 -0.446996324057 -0.460195246709 -0.228416463157 -0.256455744632 -0.152637849225 0.0495767170792 0.0471919471299 0.344685669036 0.285176107183 0.470155806884 0.299661830134 0.190884962636 0.340393955152 0.205014303170 0.476681094993 0.505173869025 0.756067095340 0.757811938027 0.809055743218 0.571246976999 0.433185532757 0.567138048286 0.355173157700 0.260859939807 0.299519086792 0.0912749974627 -0.0739768826704 0.0659179472407 0.426556929770 0.446897755171 0.308620377357 0.310682686411 0.205476046674 0.0894192383586 -0.106840622867 0.0580805427283 0.0272517033293 0.0275724844499 -0.0872941060656 0.0881528273802 -0.0139330051052 -0.197875397230 -0.290010326580 -0.256413332581 -0.0968626619325 0.274409711440 0.256782889244 0.294054289164 0.237535654969 0.495542696898 0.579839234722 0.732997024169 0.372772116438 0.461293377021 0.401858209586 0.620869424652 0.701390942496 0.277022935028 0.516025842882 0.219953596485 -0.00522045036057 -0.0674315822672 0.0253982763171 0.145975714948 0.215307763470 0.124261090600 -0.368859096762 -0.373913620661 -0.422904450461 -0.455340505813 -0.492196888982 -0.410110986240 -0.281541317182 -0.349345550007 -0.0462834179840 -0.0225454710793 -0.0996223654042 -0.439645708338 -0.461634773048 -0.784436506332 -0.762104913194 -0.601099340434 -0.659878279431 -0.778972879968 -0.899395259163 -0.860514561081 -0.757972890102 -0.654938133502 -0.958370504684 -1.00467972074 -0.874814132199 -1.00288548949 -0.610164272300 -0.685181544299 -0.563930838368 -0.764353003590 -0.752216817510 -0.818438849458 -1.01903724362 -1.02460314588 -1.01420541058 -0.780508606873 -0.459641820390 -0.499065246491 -0.273864181800 -0.378416850221 -0.433123708992 -0.504875561401 -0.505105319874 -0.297178214059 -0.176984601254 -0.135043875766 -0.386497485315 0.0761629952733 0.0206861741839 0.0152495031083 0.191399610501 0.107417381963 -0.121260908695 -0.150568148628 -0.0768549217616 0.0340456666530 -0.0333638998707 0.189845620791 0.162606312585 0.178513099651 0.0958624653747 0.425467549416 0.416825483980 0.362509658130 0.288422387437 0.462657915333 0.418239496939 0.482109197871 0.278398788066 0.507604145334 0.401078088025 0.492756027009 0.560391559544 0.646831427003 0.378679912384 0.227442208021 0.215564628779 0.222161591220 0.0642645695033 0.0244033179469 0.328332779423 0.279524387792 0.492044926552 0.237250506565 0.0316241966326 0.198542905876 0.263403850925 0.370552782993 0.0422561317369 -0.00223170784755 0.230834862762 -0.0709509751824 -0.175796635542 -0.00833000762681 0.0263508657890 -0.0439675994603 -0.0884181224137 0.132357847533 0.259452498357 0.202016361467 0.196219914139 0.0868892838227 0.363693842621 0.349584306980 0.293209082998 0.156260520120 0.366662806310 0.458302588670 0.534428678190 0.890766666520 0.900972568045 0.773289581085 1.12745826350 1.12179036836 1.06212168791 1.10055270124 1.51194839643 1.43905950724 1.78381198245 1.56699853616 1.33581391126 1.61164932721 1.71907595725 1.75187450503 1.66848447963 1.68441846600 2.18919236685 1.91390016619 1.91152333571 2.09568804961 2.13802548597 2.29918109151 2.52345159892 2.54666282815 2.81294826076 2.82713208426 2.42214683984 2.41068200760 2.72677306951 2.52077504005 2.49299753775 2.26423504968 2.35757102778 2.56464651843 2.47146493725 2.56782966627 2.65234098538 2.22955293291 2.23444919143 2.08480546840 1.98467422547 1.97993711305 1.76174121093 2.03201441078 2.24038908616 2.07685911402 2.10880865673 2.19123903824 2.40342310393 2.09520630534 2.26004856079 2.34206741959 2.27784467436 2.51794266600 2.74049943193 2.48512257037 2.19470651287 2.13069857691 1.93908168222 1.87011702640 2.27663823957 2.02296952554 1.82403894321 1.91057826246 1.65495614568 1.36815184289 1.46228170971 1.32924353821 1.46751668413 1.36817502927 1.40684335709 1.01469285624 1.04287482747 1.16026487455 1.09261432379 1.19197550005 1.22499806824 1.15224176870 1.09067902699 1.10888790913 0.911625170845 0.788439463687 0.495591911685 0.544614841619 0.471667147605 0.781104969850 0.741749601104 0.930575672002 1.10840644716 1.08713699972 1.33461604599 1.31377600592 1.25815575724 1.60992556091 1.30979295422 1.37980297289 1.31516638507 1.25762949733 1.16907169206 0.907139373134 1.16675360722 1.30793631362 1.28733837299 1.15880287668 1.20725024955 1.08469681980 0.873817986063 0.868547762205 1.26615565608 1.17334839917 1.13398228243 1.19144349299 1.48882638033 1.45243642211 1.49541658680 1.53939053572 1.72435680545 1.46331270803 1.50471955382 1.58321502036 1.70892988465 1.94980207110 1.95664357413 1.81789368967 2.02984182543 2.00762285703 2.05058632118 1.73264728700 1.71111699274 1.47133968705 1.42091956453 1.45338989304 1.25377801278 1.11617226576 1.23667479015 1.40652825312 0.934660459233 1.09654275909 1.01629895187 0.825590255772 1.00590822950 1.27557262561 1.16890018004 1.03842298799 0.802940715697 0.716416831127 0.803985920120 1.02654653614 0.941855446984 0.624269281881 0.607194084831 0.814855981713 0.713311168330 0.582438390340 0.556182037980 0.976956915210 0.778329201510 0.832120960342 0.735034266922 0.575106586452 0.679668008668 0.716158673849 0.523835964828 0.553080575980 0.525100498327 0.188045158426 0.253304876001 0.0655265023858 0.257862868788 -0.0152345807841 0.272329355756 0.282351284684 0.575681606014 0.451441525876 0.558300636528 0.227695210490 0.233547767364 0.286699008121 0.470550495942 0.480016255243 0.192317501241 0.406112773048 0.220168154767 0.0459069368978 -0.311241073688 -0.352723324303 -0.150687942819 -0.332988002439 -0.301153512556 -0.285928535343 -0.332748105701 -0.262425707462 -0.334887254364 -0.327121676843 0.0492394864185 0.207745169001 0.221748313646 0.124824293732 0.0986852934378 0.469310909644 0.422797419808 0.338675019163 0.0831009912226 0.0979460196203 -0.0156970771997 0.107496480488 0.0659530932206 0.428100108650 0.382828573512 0.578470268706 0.576485965330 0.530681776348 0.570543701105 0.314975479097 0.258017324464 -0.0985184948483 -0.221775953729 -0.208358231955 -0.367665729241 -0.406549280656 -0.369420410256 -0.735092074423 -0.776197503196 -0.809252880922 -0.723111562716 -0.595704916416 -0.774685149474 -0.744321746712 -1.00899163643 -1.03413938324 -0.919080031919 -0.745395986553 -0.962723025486 -0.837453074572 -0.534149920416 -0.697068676385 -0.784069918916 -0.567602046772 -0.133350504756 -0.281570334505 -0.382354472385 -0.551072584412 -0.879909718085 -0.859929179847 -0.892375574138 -0.869990639856 -0.895429744373 -0.813368814732 -0.608558669423 -0.202497637652 -0.151827965358 -0.268214414472 -0.460107104158 -0.594691013900 -0.714842839617 -0.892753664460 -0.833665999288 -0.927834875304 -0.952076408899 -1.25411337720 -1.14143182680 -1.16218214190 -1.03160415052 -1.12922482398 -0.845625680364 -0.609096564939 -0.453673015446 -0.721744392270 -0.638705606772 -0.530018734339 -0.0800638041269 -0.0221501950451 -0.227480461917 -0.434252898227 -0.471036107349 -0.583365470975 -0.662840804618 -0.715386324400 -0.624304054123 -0.921786718736 -0.978809383100 -0.769594151949 -0.924750214387 -0.756913719130 -0.549555759881 -0.705895479303 -0.445986783564 -0.227551645235 -0.151349644807 0.146188772528 -0.131550970700 0.232514179976 0.116178435288 0.0559450765086 0.0218469555090 -0.253644698067 -0.302787749162 -0.669497573699 -0.679744039934 -0.778184703740 -0.584104386907 -0.691919929718 -0.972778059098 -0.990156363880 -0.969272520260 -0.685961299730 -0.633685240811 -0.893951696458 -0.883514262770 -0.970923836311 -0.627275832829 -0.727220267593 -0.986599779115 -1.01122730483 -0.847777133767 -0.978735174671 -0.936031055435 -0.738648722227 -0.826981683013 -0.954256175485 -1.03367685924 -1.18416802554 -1.04140781694 -1.05243698742 -0.784389259743 -0.897864178864 -1.11444081489 -1.18498280617 -1.21937987074 -1.32209690276 -1.31637724612 -1.23677030798 -1.19101773467 -0.902217827274 -1.21467133289 -1.25810739557 -1.23014766678 -1.28220429786 -1.30131875414 -1.28438513502 -0.987376494355 -1.11706366779 -1.11289373060 -0.803653839204 -1.00936010719 -0.732906545108 -0.357779213990 -0.0332773222622 -0.125763922686 -0.0886795307992 -0.172276073335 -0.0157761379553 0.0998145730947 -0.0972157791363 -0.289771245869 -0.208364092856 0.186716438502 0.0796247704083 0.123114087499 -0.104512077787 -0.128270288301 -0.313371232832 -0.309573159909 -0.630596709739 -0.737752401593 -0.886025559132 -0.942642893960 -0.923359799836 -0.684409826753 -0.885740226380 -0.852411247794 -0.883615717082 -1.09558470078 -1.14033582438 -1.13279140415 -1.19640662222 -1.52554116943 -1.49916091804 -1.51891209053 -1.61446962867 -1.69590696107 -1.64056117662 -1.59839637710 -1.77904747284 -1.91686434547 -1.84453678521 -1.61135762517 -1.70337890811 -1.87127631502 -1.62554096604 -1.51131499793 -1.46295875346 -1.55148065203 -1.47408266830 -1.29640087852 -1.40553354330 -1.54382055411 -1.50865751883 -1.25239837319 -1.24648287564 -1.32462312531 -1.27423088400 -1.18767821083 -1.36923504688 -1.29399471761 -0.811440886797 -0.836171355536 -0.933764466954 -0.836003982629 -0.799991887352 -0.859808176058 -0.678815478747 -0.179380953365 -0.220625070042 -0.362490631446 -0.0471257307849 -0.185430710485 0.188322106023 0.290618943319 0.660077270404 0.793997586511 0.367807454973 0.380124889198 0.207924366675 0.337306252760 0.525057535831 0.492548538275 0.622548593995 0.659022437561 0.988538358844 0.815847749240 0.885471775407 0.843749679705 0.862630218903 0.543237624321 0.638781829808 0.772534590478 0.502668053956 0.435095642843 0.746479772918 0.801433723424 0.640560095003 0.643271057806 0.302102655056 0.206258825514 0.191167643782 -0.132808394647 -0.154163051961 -0.193495231115 -0.224906053640 -0.172030497833 0.0485436193191 0.0760883696253 0.275201933982 0.228229335354 0.247604180119 0.578779233465 0.637679637292 0.632817122944 0.649125634090 0.576186312820 0.235696008076 0.104845745633 0.00332000800717 -0.00703409599514 -0.213035253386 -0.200538016546 -0.199826840347 0.201091314374 0.0998092429754 -0.0670497871647 0.0879919523807 -0.228966836797 -0.372585579615 -0.567687142031 -0.554332827863 -0.434815814911 -0.364182078550 -0.356627264312 -0.713584929733 -0.620836943597 -0.725163223341 -0.685769897807 -0.594657985232 -0.667290293959 -0.523176261476 -0.0668183875574 -0.0349824781036 -0.0177550524787 -0.0493834341759 -0.240772409566 -0.277372972537 -0.0446481937266 -0.0213349012349 0.0124722232188 0.179965351894 0.118839609163 0.200512255662 -0.0145710175333 0.167237563762 0.150047433324 -0.240428686425 -0.394961532913 -0.624490849738 -0.434412730216 -0.557509310476 -0.649911661712 -0.738479741856 -0.950779304835 -0.922866948227 -0.978510959190 -0.942321664288 -0.924112313933 -1.22445649555 -1.13009555550 -0.981805340862 -0.766996339701 -1.17810150957 -1.03402181429 -1.13118424799 -1.05103327625 -0.956699126947 -1.02247960402 -0.812841322658 -1.22910461319 -1.20091374626 -1.14248048567 -1.26561881091 -1.23818588470 -1.29609650479 -1.43982558168 -1.29429622866 -1.29532511164 -1.43012993976 -0.990682039881 -1.22553106702 -1.26316322431 -1.30887485309 -1.34148682160 -1.31092229157 -1.20418378712 -1.18775318690 -1.12505002971 -1.08792106430 -1.20848956595 -1.23380243745 -1.68611302851 -1.77560998878 -1.66699316623 -1.39020495038 -1.47762859720 -1.32402627756 -1.00411620866 -0.962145239266 -0.627336516850 -0.646820598461 -0.949251355284 -1.01223999544 -0.978039445658 -0.692713303614 -1.00854147225 -0.879489311048 -0.883375479977 -0.790046713182 -1.26928068479 -1.64273504025 -1.76019182205 -1.75038275518 -1.79150057835 -1.92905092137 -2.07163410653 -2.30206739657 -2.29905569547 -2.32463673631 -2.10317911011 -2.33999703035 -2.36617398503 -2.46045213315 -2.72262905046 -2.87924010149 -2.76231391311 -2.76439870540 -2.76736310069 -2.77569459117 -2.64400155385 -2.57740592522
